place(9.633, 1.000, 9.732, "Scout", 250)
place(9.697, 1.000, 6.500, "Scout", 250)
place(9.821, 1.000, 3.343, "Scout", 250)
place(12.766, 1.000, 7.848, "Scout", 250)
place(12.917, 1.000, 4.748, "Scout", 250)
place(10.106, 1.000, 0.073, "Scout", 250)
place(12.848, 1.000, 1.387, "Scout", 250)
place(10.249, 1.000, -3.146, "Scout", 250)
place(13.129, 1.000, -1.764, "Scout", 250)
upgrade(9.633, 2.350, 9.732, 150)
upgrade(12.766, 2.350, 7.848, 150)
upgrade(9.697, 2.350, 6.500, 150)
upgrade(12.917, 2.350, 4.748, 150)
upgrade(9.821, 2.350, 3.343, 150)
upgrade(12.848, 2.350, 1.387, 150)
upgrade(10.106, 2.350, 0.073, 150)
upgrade(13.129, 2.350, -1.764, 150)
upgrade(10.249, 2.350, -3.146, 150)
place(-3.628, 1.000, -30.924, "Farm", 250)
place(0.996, 1.000, -28.756, "Farm", 250)
upgrade(0.996, 2.125, -28.756, 200)
upgrade(-3.628, 2.125, -30.924, 200)
upgrade(-3.628, 2.125, -30.924, 550)
upgrade(0.996, 2.125, -28.756, 550)
place(-4.254, 1.000, -26.051, "Farm", 250)
upgrade(-4.254, 2.125, -26.051, 200)
place(0.202, 1.000, -24.512, "Farm", 250)
upgrade(0.202, 2.125, -24.512, 200)
place(4.839, 1.000, -27.586, "Farm", 250)
upgrade(4.839, 2.125, -27.586, 200)
place(-7.129, 1.000, -34.028, "Farm", 250)
upgrade(-7.129, 2.125, -34.028, 200)
place(-8.033, 1.010, -29.805, "Farm", 250)
upgrade(-8.033, 2.135, -29.805, 200)
place(3.925, 1.000, -23.756, "Farm", 250)
upgrade(3.925, 2.125, -23.756, 200)
place(-0.301, 1.000, -20.243, "Farm", 250)
upgrade(9.633, 2.350, 9.732, 500)
upgrade(12.766, 2.350, 7.848, 500)
upgrade(9.697, 2.350, 6.500, 500)
upgrade(12.917, 2.350, 4.748, 500)
upgrade(9.821, 2.350, 3.343, 500)
upgrade(12.848, 2.350, 1.387, 500)
upgrade(10.106, 2.350, 0.073, 500)
upgrade(13.129, 2.350, -1.764, 500)
upgrade(10.249, 2.350, -3.146, 500)
place(0.980, 3.664, 3.201, "Mortar", 900)
upgrade(0.980, 5.014, 3.201, 325)
upgrade(0.980, 5.014, 3.201, 1400)
place(-1.925, 3.664, 4.019, "Mortar", 900)
upgrade(-1.925, 5.014, 4.019, 325)
upgrade(-1.925, 5.014, 4.019, 1400)
place(0.178, 4.686, 5.605, "Mortar", 900)
place(-0.159, 4.686, 5.802, "Mortar", 900)
place(0.032, 4.686, 6.075, "Mortar", 900)
upgrade(0.032, 6.036, 6.075, 325)
upgrade(0.032, 6.036, 6.075, 1400)
place(1.925, 4.686, 8.593, "Mortar", 900)
upgrade(1.925, 6.036, 8.593, 325)
upgrade(1.925, 6.036, 8.593, 1400)
upgrade(3.925, 2.125, -23.756, 550)
upgrade(4.839, 2.125, -27.586, 550)
upgrade(0.202, 2.125, -24.512, 550)
upgrade(-4.254, 2.125, -26.051, 550)
upgrade(-7.129, 2.125, -34.028, 550)
upgrade(-8.033, 2.135, -29.805, 550)
upgrade(12.766, 2.350, 7.848, 2325)
upgrade(9.633, 2.350, 9.732, 2325)
upgrade(12.917, 2.350, 4.748, 2325)
upgrade(9.821, 2.350, 3.343, 2325)
upgrade(12.848, 2.350, 1.387, 2325)
upgrade(10.106, 2.350, 0.073, 2325)
upgrade(13.129, 2.350, -1.764, 2325)
upgrade(10.249, 2.350, -3.146, 2325)
upgrade(3.925, 2.125, -23.756, 1000)
upgrade(4.839, 2.125, -27.586, 1000)
upgrade(0.996, 2.125, -28.756, 1000)
upgrade(-4.254, 2.125, -26.051, 1000)
upgrade(0.202, 2.125, -24.512, 1000)
place(3.257, 1.000, 1.485, "Accelerator", 4500)
upgrade(3.257, 2.350, 1.485, 1000)
upgrade(3.257, 2.350, 1.485, 2500)
upgrade(3.257, 2.350, 1.485, 4750)
upgrade(-7.129, 2.125, -34.028, 1000)
upgrade(-8.033, 2.135, -29.805, 1000)
upgrade(-3.628, 2.125, -30.924, 1000)
place(2.679, 1.000, -1.496, "Accelerator", 4500)
upgrade(2.679, 2.350, -1.496, 1000)
upgrade(2.679, 2.350, -1.496, 2500)
upgrade(2.679, 2.350, -1.496, 4750)
upgrade(0.202, 2.125, -24.512, 2500)
upgrade(0.980, 5.014, 3.201, 3250)
upgrade(1.925, 6.036, 8.593, 3250)
upgrade(0.202, 2.125, -24.512, 5000)
upgrade(-1.925, 5.014, 4.019, 3250)
upgrade(0.032, 6.036, 6.075, 3250)
upgrade(3.925, 2.125, -23.756, 2500)
upgrade(3.925, 2.125, -23.756, 5000)
place(2.688, 1.000, -4.806, "Accelerator", 4500)
upgrade(2.688, 2.350, -4.806, 1000)
upgrade(2.688, 2.350, -4.806, 2500)
upgrade(2.688, 2.350, -4.806, 4750)
place(3.190, 1.000, -8.532, "Accelerator", 4500)
upgrade(3.190, 2.350, -8.532, 1000)
upgrade(3.190, 2.350, -8.532, 2500)
upgrade(3.190, 2.350, -8.532, 4750)
place(-0.058, 1.000, 0.058, "Accelerator", 4500)
upgrade(-0.058, 2.350, 0.058, 1000)
upgrade(-0.058, 2.350, 0.058, 2500)
upgrade(-0.058, 2.350, 0.058, 4750)
place(-0.135, 1.000, -3.129, "Accelerator", 4500)
upgrade(-0.135, 2.350, -3.129, 1000)
upgrade(-0.135, 2.350, -3.129, 2500)
upgrade(-0.135, 2.350, -3.129, 4750)
place(0.385, 1.000, -6.962, "Accelerator", 4500)
upgrade(0.385, 2.350, -6.962, 1000)
upgrade(2.688, 2.350, -4.806, 11250)
upgrade(0.385, 2.350, -6.962, 2500)
upgrade(0.385, 2.350, -6.962, 4750)
place(0.379, 1.000, -9.963, "Accelerator", 4500)
upgrade(0.379, 2.350, -9.963, 1000)
upgrade(0.379, 2.350, -9.963, 2500)
upgrade(0.379, 2.350, -9.963, 4750)
place(-14.781, 1.000, 19.434, "Mercenary Base", 2000)
upgrade(-14.781, 0.975, 19.434, 1000)
upgrade(-14.781, 0.975, 19.434, 2000)
upgrade(0.996, 2.125, -28.756, 2500)
upgrade(-14.781, 0.975, 19.434, 7000)
place(12.907, 1.000, -4.815, "Scout", 250)
upgrade(12.907, 2.350, -4.815, 150)
upgrade(12.907, 2.350, -4.815, 500)
upgrade(12.907, 2.350, -4.815, 2325)
upgrade(-14.781, 0.975, 19.434, 10000)
upgrade(-14.781, 0.975, 19.434, 15000)
AirDrop(-14.781, 0.975, 19.434, -5.723, 1.100, -3.505, 1, 112.217, 809)
SetMercenaryUnit(-14.781, 0.975, 19.434, "Unit 2", "Field Medic", 8309)
place(-20.255, 1.000, 19.697, "Mercenary Base", 2000)
upgrade(-20.255, 0.975, 19.697, 1000)
upgrade(-20.255, 0.975, 19.697, 2000)
upgrade(-20.255, 0.975, 19.697, 7000)
upgrade(-20.255, 0.975, 19.697, 10000)
place(10.027, 1.000, -6.407, "Scout", 250)
upgrade(10.027, 2.350, -6.407, 150)
upgrade(10.027, 2.350, -6.407, 500)
upgrade(10.027, 2.350, -6.407, 2325)
upgrade(-20.255, 0.975, 19.697, 15000)
AirDrop(-14.781, 0.975, 19.434, -5.722, 1.100, -3.608, 1, 112.217, 9323)
upgrade(-20.255, 0.975, 19.697, 35000)
SetMercenaryUnit(-14.781, 0.975, 19.434, "Unit 1", "Field Medic", 10573)
SetMercenaryUnit(-14.781, 0.975, 19.434, "Unit 1", "Grenadier", 11573)
SetMercenaryUnit(-14.781, 0.975, 19.434, "Unit 3", "Grenadier", 14573)
AirDrop(-20.255, 0.975, 19.697, -8.789, 1.100, -16.689, 1, 100.040, 18069)
upgrade(3.257, 2.350, 1.485, 11250)
upgrade(2.679, 2.350, -1.496, 11250)
upgrade(-0.058, 2.350, 0.058, 11250)
upgrade(-0.135, 2.350, -3.129, 11250)
upgrade(2.688, 2.350, -4.806, 36000)
upgrade(0.385, 2.350, -6.962, 11250)
upgrade(3.190, 2.350, -8.532, 11250)
upgrade(0.379, 2.350, -9.963, 11250)
AirDrop(-14.781, 0.975, 19.434, 6.396, 1.100, -2.203, 1, 70.683, 10168)
AirDrop(-20.255, 0.975, 19.697, 9.451, 1.100, -20.579, 1, 73.454, 7077)
upgrade(0.980, 5.014, 3.201, 12000)
upgrade(-1.925, 5.014, 4.019, 12000)
upgrade(1.925, 6.036, 8.593, 12000)
upgrade(0.032, 6.036, 6.075, 12000)
upgrade(0.032, 6.036, 6.075, 25000)
upgrade(10.027, 2.350, -6.407, 5500)
upgrade(12.907, 2.350, -4.815, 5500)
place(-9.609, 1.000, -5.902, "Mercenary Base", 2000)
upgrade(-14.781, 0.975, 19.434, 35000)
AirDrop(-14.781, 0.975, 19.434, -8.766, 1.100, -16.680, 1, 126.430, 20472)
AirDrop(-20.255, 0.975, 19.697, -9.345, 1.100, -16.815, 1, 127.261, 20972)
upgrade(-20.255, 0.975, 19.697, 47472)
upgrade(-0.135, 2.350, -3.129, 36000)
upgrade(-0.058, 2.350, 0.058, 36000)
upgrade(0.385, 2.350, -6.962, 36000)
upgrade(0.385, 2.350, -6.962, 4895)
AirDrop(-14.781, 0.975, 19.434, -5.723, 1.100, -3.449, 1, 112.217, 15369)
AirDrop(-20.255, 0.975, 19.697, -5.732, 1.100, -1.913, 1, 112.217, 18099)
upgrade(-9.609, 0.975, -5.902, 1000)
upgrade(-9.609, 0.975, -5.902, 2000)
upgrade(-1.925, 5.014, 4.019, 25000)
upgrade(-9.609, 0.975, -5.902, 7000)
upgrade(-9.609, 0.975, -5.902, 10000)
upgrade(-9.609, 0.975, -5.902, 15000)
AirDrop(-9.609, 0.975, -5.902, -5.733, 1.100, -1.815, 1, 112.217, 14199)
upgrade(0.980, 5.014, 3.201, 25000)
upgrade(0.980, 5.014, 3.201, 34699)
upgrade(2.679, 2.350, -1.496, 36000)
upgrade(3.257, 2.350, 1.485, 36000)
upgrade(2.688, 2.350, -4.806, 38434)
upgrade(-9.609, 0.975, -5.902, 35000)
SetMercenaryUnit(-9.609, 0.975, -5.902, "Unit 1", "Riot Guard", 21071)
SetMercenaryUnit(-9.609, 0.975, -5.902, "Unit 2", "Field Medic", 32071)
AirDrop(-9.609, 0.975, -5.902, 14.777, 1.100, -20.762, 1, 112.217, 63051)
AirDrop(-14.781, 0.975, 19.434, -5.738, 1.100, -0.910, 1, 112.217, 60571)
AirDrop(-20.255, 0.975, 19.697, -5.738, 1.100, -0.857, 1, 112.217, 58071)
upgrade(3.190, 2.350, -8.532, 36000)
upgrade(0.379, 2.350, -9.963, 36000)
place(3.002, 1.000, -11.866, "Accelerator", 4500)
upgrade(9.633, 2.350, 9.732, 5500)
upgrade(12.766, 2.350, 7.848, 5500)
upgrade(9.697, 2.350, 6.500, 2325)
upgrade(9.697, 2.350, 6.500, 5500)
upgrade(12.917, 2.350, 4.748, 5500)
upgrade(9.821, 2.350, 3.343, 5500)
upgrade(12.848, 2.350, 1.387, 5500)
upgrade(10.106, 2.350, 0.073, 5500)
upgrade(13.129, 2.350, -1.764, 5500)
upgrade(10.249, 2.350, -3.146, 5500)
AirDrop(-9.609, 0.975, -5.902, -5.738, 1.100, -0.857, 1, 83.410, 342208)
AirDrop(-14.781, 0.975, 19.434, -5.716, 1.100, -4.762, 1, 115.995, 345208)
AirDrop(-20.255, 0.975, 19.697, -5.716, 1.100, -4.735, 1, 115.995, 362708)
